masses
['400' '500' '750' '1000' '1250' '1500' '1750' '2000' '2250' '2500' '2750'
 '3000']

Asymptotic formulae
Observed pvalue
[0.5        0.5        0.5        0.43864015 0.39597712 0.47342829
 0.47772644 0.5        0.5        0.5        0.5        0.5       ]
Expected pvalue
[0.49034402 0.49252543 0.41097398 0.41055738 0.41101257 0.43543137
 0.45908222 0.4753099  0.48525124 0.49117985 0.49479506 0.49677871]
Observed Significance
[-0.         -0.         -0.          0.15441783  0.26377377  0.06665473
  0.05586058 -0.         -0.         -0.         -0.         -0.        ]
Expecteded Significance
[0.02420632 0.01873706 0.22504025 0.22611143 0.22494105 0.16256272
 0.10274615 0.06192847 0.03697808 0.02211064 0.01304723 0.00807467]
Observed mu up
[ 85.86237063  99.27618709   8.1351939    9.08692087  10.10311402
  13.60135597  22.17197455  37.9048591   66.20476064 116.684711
 212.01987221 375.59545579]
Expected mu up
[320.36744202 273.80055175  79.30271105   8.67053192   9.20174721
  13.17132954  21.71071563  37.6570559   70.83693702 127.52752719
 225.27324839 402.88158877]
Expected mu up + 1 sigma
[810.82035284 803.87291457 201.54692263  91.58095379 170.48341092
 367.28201165 741.9160801  755.82797551 767.66048244 781.25380187
 805.43740268 853.51518673]
Expected mu up + 2 sigma
[921.29206045 920.44578776 229.5083517  113.16120649 223.59315716
 451.74681315 904.67128063 908.09937222 911.71411331 916.68974093
 925.85171435 973.88101406]
Expected mu up - 1 sigma
[65.22947455 75.37758916  6.34722408  6.26274824  6.53450432  9.26544078
 15.24264268 26.49664772 46.9115085  83.34645357  0.          0.        ]
Expected mu up - 2 sigma
[47.77815207 56.55274974  4.74781641  4.67157677  4.89273409  7.01416683
 11.08412621 20.53390463 33.63235518  0.          0.          0.        ]



MC Toys
Observed pvalue
[0.91228571 0.96       0.68985714 0.25514286 0.44985714 0.48057143
 0.48485714 0.99971429 0.99657143 0.98228571 0.89557143 0.72142857]
Observed Significance
[-1.35496543 -1.75068607 -0.49544546  0.65839287  0.12602228  0.04871947
  0.03796663 -3.44482531 -2.70370358 -2.10342573 -1.2567142  -0.5870906 ]
Observed mu up
[ 86.79064837  94.21993327   8.22290232  11.25804517   9.69198376
  13.53891032  23.78606452  38.9317619   69.89112243 119.44897361
 211.7663714  383.96433261]
Expected mu up
[ 95.1158628  111.58876449  10.52101434  11.55117194  10.65635396
  14.63716403  25.65464425  47.67494396  73.94273389 123.20868993
 213.25974594 389.60078807]
Expected mu up + 1 sigma
[153.29862428 168.01763706  13.94622883  14.71323622  13.72989081
  23.16176679  31.00401038  58.30345335 100.01557157 209.16972928
 389.6138771  616.76082254]
Expected mu up + 2 sigma
[229.21331828 231.92493191  25.37259818  25.39684732  24.18621098
  30.04576676  55.72847307 100.00006188 177.15783113 255.50003293
 478.24452899 901.195817  ]
Expected mu up - 1 sigma
[70.32953627  0.          0.          0.          0.          0.
  0.          0.          0.         85.9556523   0.          0.        ]
Expected mu up - 2 sigma
[ 0.         0.         0.         0.         0.         0.
  0.         0.         0.        71.2431983  0.         0.       ]
